       0/9     8.09G       5.8      81.2         0        87        31       512  0.000302   0.00524   0.00169  0.000571      4.25      11.1         0
       1/9      8.1G      5.88      6.84         0      12.7        30       512         0         0   0.00758         0      3.77      3.15         0
       2/9      8.1G      5.68      3.94         0      9.62        39       512         0         0    0.0648         0      3.14      2.83         0
       3/9      8.1G      5.27      4.04         0      9.31        35       512         0         0       0.2         0      3.07      3.02         0
       4/9      8.1G       3.8      4.65         0      8.45        39       512         1   0.00524     0.552    0.0104      3.07      3.08         0
       5/9      8.1G      3.91      4.55         0      8.47        35       512         1   0.00524      0.66    0.0104       2.9         3         0
       6/9      8.1G      3.33      4.58         0      7.91        40       512         1   0.00524     0.745    0.0104      2.64      2.81         0
       7/9      8.1G      3.73      4.69         0      8.42        43       512         1   0.00524     0.762    0.0104      2.43       2.7         0
       8/9      8.1G       3.7      3.99         0      7.69        30       512         1   0.00524     0.798    0.0104      2.25      2.58         0
       9/9      8.1G      2.58      3.57         0      6.14        32       512         1   0.00524     0.776    0.0104      2.17      2.53         0
